# Ambiguity distribution for stage: epipolar | Frame: 0
# Total edges: 16368
num_candidates
44
47
52
40
71
75
74
71
74
68
73
75
67
66
69
72
66
64
69
68
65
72
67
69
69
71
68
69
71
69
70
74
74
77
76
74
69
75
80
83
81
77
82
80
77
85
84
84
84
82
85
85
82
85
84
116
113
118
115
119
122
122
125
117
125
122
119
123
120
121
119
115
116
117
116
115
114
118
104
110
107
104
107
108
106
113
109
104
114
104
104
126
128
123
128
125
126
121
122
127
125
147
145
136
146
145
140
145
149
135
149
148
145
148
145
140
144
144
149
148
146
148
130
119
128
122
125
137
121
128
124
129
121
125
134
122
130
131
124
128
128
139
140
124
124
125
124
109
113
112
110
111
115
116
109
121
113
112
121
111
113
109
120
110
111
111
111
121
122
122
122
123
116
121
121
124
123
123
124
121
116
120
123
118
123
123
116
122
122
122
116
121
121
124
125
129
134
131
119
119
121
138
131
125
137
131
120
137
132
122
120
131
87
91
86
87
85
85
92
87
83
82
83
84
85
80
85
84
83
83
84
82
85
84
81
82
79
91
93
92
93
93
95
83
93
83
89
92
91
89
91
86
89
91
83
93
93
87
95
100
103
104
102
112
99
99
102
102
100
100
100
105
100
101
103
106
106
100
107
104
103
104
108
102
108
107
101
101
100
108
101
110
108
102
107
107
107
102
103
105
107
107
108
104
107
106
104
110
116
118
117
115
115
113
115
115
112
114
115
112
117
114
115
116
111
116
112
113
111
118
114
116
116
117
111
116
116
115
115
114
113
115
113
115
119
211
211
205
210
209
209
208
203
207
190
209
205
210
211
208
204
195
206
209
204
208
209
224
221
222
223
225
225
205
227
210
226
217
224
217
224
216
223
206
161
178
168
170
176
156
162
164
148
169
149
169
151
176
171
176
170
151
147
168
148
116
110
118
120
113
125
125
128
126
121
131
143
144
149
147
148
147
146
144
148
144
146
138
139
140
143
140
143
140
140
134
138
139
134
136
140
139
146
138
140
140
137
134
129
136
135
137
135
136
139
129
129
130
132
132
136
139
137
131
132
138
134
140
139
131
136
138
120
114
122
117
124
120
116
114
109
110
120
125
126
130
128
130
125
125
113
125
113
121
130
124
111
101
98
102
100
102
102
103
101
103
104
100
100
103
108
110
43
43
48
39
47
39
43
47
35
32
35
33
34
32
35
36
31
32
37
42
40
39
43
39
39
41
41
39
41
39
37
44
39
42
43
42
42
43
42
42
38
39
42
41
43
43
42
41
41
39
38
38
37
38
39
38
37
37
37
49
37
37
39
39
54
53
56
51
54
54
52
53
57
54
54
57
57
56
56
54
54
56
54
51
56
54
56
56
56
57
58
59
54
53
54
58
59
59
58
60
58
58
58
58
55
59
57
54
58
57
53
53
53
56
58
56
57
57
58
57
57
56
58
55
56
55
57
55
55
56
54
56
57
58
58
55
56
51
59
57
50
57
59
56
56
56
55
57
59
61
62
61
61
53
59
66
61
52
59
61
60
61
58
53
61
51
106
108
108
106
109
105
106
101
106
108
105
108
110
108
108
107
101
104
111
111
104
100
105
112
100
101
103
110
104
107
102
101
106
96
97
96
100
103
99
96
101
101
96
94
100
96
99
102
101
98
95
94
94
96
92
95
90
94
93
94
93
93
91
92
95
95
95
87
89
90
87
95
86
90
131
131
132
137
136
136
128
135
133
129
131
137
137
132
136
132
136
136
132
136
133
136
133
131
134
130
130
137
135
137
137
130
131
130
137
132
137
129
139
132
137
138
137
130
130
130
133
135
138
130
133
136
134
137
132
129
130
128
130
127
129
136
126
139
126
130
131
128
129
129
131
139
134
130
139
137
132
129
134
132
131
135
133
144
139
143
144
142
145
143
145
142
143
143
123
119
121
117
120
117
123
116
119
115
116
118
120
120
121
119
117
117
121
123
119
117
117
121
121
117
121
118
116
99
102
98
113
99
105
114
106
113
102
101
99
99
101
102
99
101
98
103
101
100
99
95
95
95
93
93
97
92
93
95
95
95
96
98
95
95
99
98
95
93
92
93
98
99
96
95
97
97
99
98
98
97
98
98
93
97
98
98
100
98
99
97
93
94
92
89
91
87
94
90
89
96
88
91
95
92
92
89
87
89
89
90
88
89
86
96
94
93
93
99
98
430
431
431
396
327
429
430
429
411
411
397
433
417
431
393
397
428
377
430
389
431
399
401
398
417
407
396
433
302
201
264
291
301
250
291
286
244
233
242
244
235
242
253
239
289
241
245
241
243
241
241
292
235
246
250
235
291
188
185
192
183
186
184
185
177
185
141
142
137
143
142
145
162
166
155
158
180
170
159
169
179
180
177
188
182
177
178
178
178
178
180
181
207
184
190
184
176
177
174
189
185
176
179
176
176
177
188
190
207
175
177
184
176
182
165
159
164
166
166
164
164
165
166
163
162
165
163
152
150
153
156
163
170
175
173
175
165
160
179
176
181
175
176
178
177
178
179
169
170
171
177
175
177
181
168
165
160
181
180
79
78
77
77
74
78
80
74
79
78
77
75
75
83
76
76
69
71
65
64
62
65
70
63
72
66
67
71
64
65
76
79
79
79
77
77
74
77
76
79
77
73
80
77
75
80
70
75
76
74
77
72
70
73
74
74
75
75
76
75
74
75
69
75
55
53
53
55
54
54
54
53
52
53
55
47
48
47
47
47
55
49
48
48
52
48
52
48
53
55
53
54
55
51
50
48
49
50
53
50
55
55
51
78
75
78
77
78
79
74
75
78
78
77
77
78
79
77
78
77
75
80
77
79
70
72
64
67
66
70
74
68
67
65
71
67
69
69
72
67
65
63
64
66
62
62
66
63
65
67
63
63
64
64
61
64
65
62
63
62
66
63
63
67
64
64
64
63
62
65
66
65
65
63
64
64
66
65
65
65
66
66
65
67
66
67
63
63
64
63
63
65
65
63
68
65
65
63
63
66
64
63
63
64
65
68
66
74
74
71
78
75
77
76
74
72
77
77
76
73
77
79
76
77
79
75
77
78
76
70
77
74
73
75
75
71
75
76
76
76
76
79
79
75
79
77
75
78
75
79
74
76
75
80
77
76
79
84
79
81
84
82
80
84
85
80
84
80
81
83
85
81
83
79
82
84
80
81
84
85
85
84
89
84
81
83
81
86
86
88
89
89
85
91
91
86
92
90
91
93
87
88
90
103
97
103
93
104
92
99
92
99
91
98
103
94
93
94
104
103
103
105
105
105
105
102
103
106
104
107
139
143
141
143
141
144
139
143
145
143
145
143
144
144
143
142
133
142
139
141
143
145
140
140
146
142
143
148
139
134
128
141
146
140
135
143
143
139
130
134
139
135
143
145
142
141
124
122
124
120
125
123
123
126
123
120
120
124
119
126
126
123
122
120
124
122
121
124
125
125
119
124
123
116
117
119
116
114
118
118
113
114
115
115
116
115
114
113
114
115
115
120
116
116
104
104
113
107
105
113
109
106
107
107
106
108
108
107
106
106
108
106
108
108
107
106
106
107
107
107
108
107
105
108
106
107
106
110
106
109
106
108
106
107
109
106
109
110
106
106
107
107
108
104
106
106
106
109
106
106
106
106
105
104
102
104
106
105
105
106
105
104
104
104
104
106
106
104
116
112
110
115
114
112
110
117
118
117
117
107
108
112
114
113
113
110
116
106
115
136
131
136
118
131
120
142
120
118
118
131
131
119
118
115
115
118
116
116
117
118
119
116
120
117
118
118
116
115
115
117
130
126
131
130
127
130
129
130
128
145
127
130
130
132
130
126
130
146
165
190
227
272
314
263
159
175
227
263
312
302
260
214
227
241
300
181
165
222
190
164
229
233
164
213
207
176
213
206
200
172
222
254
207
176
222
280
205
163
269
216
166
142
146
145
147
142
142
130
130
130
132
132
131
132
134
131
142
132
126
132
135
135
132
132
132
132
136
137
135
135
88
95
88
88
93
87
93
92
92
93
93
95
89
95
92
88
91
134
135
135
133
136
132
137
137
133
137
132
132
130
123
137
148
134
130
130
131
160
149
164
170
169
170
164
169
170
168
165
157
168
147
151
162
163
148
158
152
148
148
148
156
151
168
169
160
146
146
151
147
145
146
150
145
146
145
147
146
147
133
145
71
76
74
72
76
76
75
70
74
72
72
72
70
70
71
74
72
75
73
75
69
68
71
66
68
70
69
68
68
65
66
67
69
67
70
69
71
70
70
62
64
63
63
62
64
61
60
64
62
66
61
64
61
63
65
59
64
66
60
64
61
65
64
65
62
63
63
66
63
62
64
62
63
64
60
61
61
61
61
64
62
59
60
59
56
59
61
61
63
56
50
52
50
50
51
54
53
54
51
53
51
55
55
54
56
53
51
54
52
52
50
52
52
51
48
49
52
50
51
51
52
51
43
47
44
48
44
48
44
41
43
44
47
47
38
67
60
55
56
53
55
53
56
60
56
59
67
68
63
64
67
65
65
64
66
67
67
67
63
65
66
66
64
64
65
62
63
68
63
61
64
62
68
63
63
64
63
65
63
59
56
56
59
55
58
55
57
57
56
55
56
58
57
57
55
56
56
57
56
55
54
56
55
56
55
57
56
57
56
56
55
55
55
57
55
56
59
57
57
56
55
57
54
58
58
58
54
58
58
60
57
58
60
59
57
57
57
69
70
76
76
68
64
70
64
67
69
76
76
69
76
75
74
74
75
76
76
75
76
76
76
77
75
75
111
110
107
112
111
112
109
114
108
107
108
111
109
109
113
113
112
113
110
111
110
109
112
109
113
111
109
113
114
112
110
117
114
113
118
109
118
118
117
109
116
121
116
113
118
118
112
115
115
117
111
111
112
115
114
117
117
121
86
84
85
86
87
88
86
86
85
86
87
87
87
84
88
88
86
88
86
86
85
90
87
89
88
86
88
85
87
84
90
86
87
84
84
86
89
89
91
89
88
88
89
89
88
86
84
86
88
90
87
90
90
86
90
88
92
88
86
90
89
89
90
88
88
75
84
83
73
73
77
65
73
70
73
73
82
81
83
74
71
75
59
59
58
59
62
57
61
57
60
59
60
60
65
64
67
68
67
60
67
59
67
64
64
68
64
76
68
73
74
75
76
81
83
73
68
77
71
74
73
75
77
74
220
202
201
203
208
221
224
215
215
223
227
224
206
208
212
209
203
223
208
210
215
175
171
169
171
170
174
196
170
170
173
176
183
185
188
196
200
170
171
168
171
197
168
170
172
163
159
164
171
160
157
164
168
168
172
162
158
165
159
159
162
162
132
132
140
140
138
130
133
133
128
132
137
135
135
134
134
133
135
139
129
139
128
134
135
144
141
142
140
142
145
143
144
143
135
138
140
146
143
144
144
137
143
142
136
140
137
140
136
142
142
144
144
149
146
144
145
140
147
139
146
143
145
144
147
147
146
148
146
141
144
142
157
157
163
160
162
159
156
157
148
148
142
146
148
149
146
143
161
152
156
155
155
163
156
159
156
154
153
150
147
147
147
148
146
147
147
148
145
149
147
150
147
138
145
135
137
137
136
140
135
137
133
124
129
128
139
130
130
119
133
137
135
133
134
137
132
131
130
130
134
131
133
109
108
107
112
112
111
112
111
112
109
122
124
122
124
121
120
120
121
128
121
122
126
131
138
138
133
139
143
136
137
136
133
137
138
143
140
131
131
146
142
98
98
97
96
65
69
76
74
67
71
76
75
70
68
68
69
72
70
65
71
69
69
70
68
68
69
80
77
81
77
80
76
78
74
76
78
74
73
75
73
76
77
75
72
67
67
68
67
66
67
71
68
65
72
65
67
69
67
67
67
66
67
68
69
65
67
66
66
74
74
72
74
71
72
72
74
69
67
67
71
71
67
71
57
60
54
56
57
54
61
57
55
60
65
51
51
56
52
51
56
52
54
48
56
55
54
49
52
50
51
50
51
51
49
50
51
49
48
53
51
54
51
50
52
50
46
50
54
54
51
50
54
53
54
55
54
54
57
55
56
52
55
54
53
55
56
57
53
53
57
54
56
53
56
58
53
55
54
56
56
52
53
52
58
48
53
49
52
49
54
51
50
53
52
51
52
53
52
51
52
49
51
52
52
48
48
51
52
49
49
52
51
51
54
49
52
49
51
53
53
53
51
151
148
129
152
152
149
131
141
140
140
145
124
128
162
157
157
155
157
154
160
158
158
159
132
126
143
130
155
144
130
144
132
131
126
125
126
119
121
122
121
126
123
121
126
118
124
126
122
121
117
125
127
99
97
95
100
99
98
100
95
93
99
100
97
97
100
100
100
95
99
96
94
87
79
84
80
85
88
85
90
86
91
78
85
87
91
87
86
87
88
84
79
75
75
76
76
74
75
75
77
75
75
76
73
75
76
77
79
75
75
76
75
75
71
77
75
74
73
73
72
75
72
72
74
72
73
75
71
77
71
72
74
83
82
80
88
86
87
86
87
83
87
86
87
82
73
86
83
83
73
83
83
82
74
85
82
87
82
86
86
84
83
84
83
85
86
84
83
84
86
85
83
84
87
166
199
170
172
184
184
178
184
176
187
203
176
187
183
178
201
217
215
217
214
218
214
215
217
218
214
217
221
221
215
216
216
220
216
204
224
202
202
204
212
208
133
135
126
125
136
128
136
129
134
136
136
131
140
125
134
131
130
125
148
148
146
160
147
146
146
146
157
151
145
138
136
136
137
145
149
146
138
148
150
150
150
147
145
155
152
137
155
143
146
152
148
158
159
158
166
158
158
158
157
166
166
160
162
160
160
161
160
160
160
160
155
157
160
166
158
158
160
159
160
160
163
166
161
166
160
160
158
166
161
163
161
152
151
154
158
154
153
156
155
149
160
157
153
154
155
155
152
153
154
149
160
152
154
157
151
151
150
153
150
150
155
153
153
151
151
207
224
223
214
226
222
226
224
220
215
215
223
222
217
222
223
220
172
172
170
169
172
169
172
162
155
158
158
160
162
154
161
157
159
159
162
158
162
161
161
161
161
161
160
160
160
159
157
140
152
152
152
152
152
153
147
144
145
148
141
153
154
154
149
142
144
154
153
142
151
142
143
130
145
147
144
144
144
147
143
136
131
135
144
145
146
144
143
145
139
130
145
74
75
73
83
79
79
77
82
86
75
72
72
80
87
88
88
85
88
91
93
87
88
85
93
93
92
87
89
92
90
91
87
88
88
91
88
86
87
81
84
89
92
90
76
74
73
74
80
83
66
66
67
66
63
66
68
72
67
67
68
68
65
67
65
69
68
65
65
63
66
64
67
65
65
64
65
68
66
68
66
68
66
67
69
70
68
66
65
67
34
29
29
29
29
29
31
29
31
29
28
30
29
36
34
28
26
27
42
42
39
40
42
44
43
44
42
43
41
42
40
42
46
51
45
45
49
50
49
44
47
44
52
55
52
50
53
54
51
50
54
55
54
50
48
54
57
58
57
57
58
56
56
55
58
58
58
51
49
46
45
51
45
46
44
45
48
53
51
39
38
42
39
40
40
39
38
40
41
34
35
36
33
35
30
30
34
30
33
31
30
26
25
30
24
23
24
21
22
128
120
120
120
121
124
122
119
117
113
119
108
99
117
120
117
119
113
113
113
104
117
95
89
90
92
93
91
91
91
91
91
83
91
90
94
91
88
86
91
90
90
97
88
90
87
85
86
102
100
103
107
103
103
101
108
110
103
98
99
102
115
119
123
120
116
115
119
117
116
120
121
118
114
117
115
124
121
117
87
93
97
88
90
83
85
83
84
83
82
85
81
85
83
87
87
83
84
81
84
80
82
81
87
81
85
84
80
85
82
82
100
98
100
100
100
95
97
103
102
100
90
88
102
100
104
99
100
96
100
102
103
100
101
100
99
102
102
98
100
103
102
102
102
102
104
99
100
101
92
92
97
92
92
92
89
95
96
99
88
91
99
95
92
88
82
84
88
175
191
175
170
175
173
189
188
193
188
172
183
175
190
194
183
167
176
175
195
185
180
191
191
166
168
169
170
159
161
168
172
178
191
170
158
162
165
192
170
176
158
192
176
169
159
133
135
134
134
134
144
148
154
134
145
147
159
144
142
142
137
129
142
145
153
143
134
131
130
131
132
132
134
132
127
135
134
127
132
159
160
160
153
164
160
158
160
158
160
158
153
162
157
151
160
162
160
164
154
161
151
163
153
164
162
161
159
161
161
157
158
153
160
157
158
157
160
157
161
158
156
157
158
156
157
160
162
162
157
162
163
160
159
157
163
159
154
162
157
160
156
164
155
145
146
144
146
142
145
146
146
149
145
145
150
150
144
150
144
150
144
149
144
152
145
150
144
146
145
149
147
146
135
136
134
135
160
144
130
175
168
176
172
176
173
176
173
180
168
172
167
150
139
151
164
157
129
131
131
138
131
132
128
143
141
140
142
117
113
115
115
110
116
114
112
113
116
114
119
119
119
115
118
118
116
113
118
116
105
104
105
108
105
106
106
105
78
77
104
105
99
97
100
103
114
116
118
115
114
115
121
120
122
120
114
111
113
117
114
110
116
117
117
119
118
115
114
115
118
113
116
117
117
120
120
120
118
116
116
120
105
102
107
100
103
104
102
102
104
104
101
106
107
110
110
106
104
110
99
102
109
109
107
110
110
111
112
109
115
113
109
109
112
109
107
104
103
102
113
108
109
102
109
113
110
42
39
41
37
41
37
38
42
41
44
41
41
41
40
43
41
40
43
41
42
39
42
41
41
41
43
39
39
41
44
40
39
39
38
40
40
40
39
39
39
40
40
41
40
40
41
38
43
45
48
42
44
42
44
44
44
43
46
47
46
44
42
42
42
41
43
53
50
52
50
50
50
52
49
52
52
53
53
53
52
49
52
52
51
49
50
51
52
52
52
52
52
51
50
51
51
50
52
51
51
51
50
53
51
52
50
48
49
49
49
49
49
46
49
49
51
49
52
47
48
48
49
51
47
49
49
49
50
51
49
50
53
52
50
50
50
50
52
51
51
53
49
48
49
51
50
49
51
54
52
52
52
52
54
52
54
52
53
53
53
52
53
42
43
43
43
126
120
124
124
118
119
123
126
124
123
125
129
128
128
129
127
130
124
123
118
120
131
121
122
124
122
124
128
126
122
119
120
118
108
118
105
112
107
118
109
109
110
110
95
102
103
97
99
97
96
100
96
89
94
93
93
95
93
94
95
92
96
82
85
84
82
81
86
86
81
87
86
81
85
83
82
83
86
81
86
84
81
83
83
90
83
80
77
86
88
88
84
84
86
88
80
83
82
83
89
78
81
88
80
82
82
74
72
72
73
71
71
70
71
77
69
71
73
68
74
73
73
72
73
73
78
70
73
79
78
81
81
79
70
78
72
75
81
79
78
77
73
69
80
81
79
71
74
72
67
72
77
75
76
76
76
76
66
71
76
73
71
72
71
46
49
47
55
47
48
60
46
46
46
48
42
43
44
46
44
43
44
44
43
43
44
48
45
49
269
283
296
305
317
320
326
332
253
270
261
282
210
332
317
287
302
240
305
284
266
294
213
254
263
334
335
329
324
318
301
298
294
296
294
291
295
296
311
311
338
294
303
310
324
335
338
336
335
333
333
334
335
338
311
314
317
303
302
152
149
150
150
157
154
144
145
142
144
138
139
146
144
146
138
146
142
146
142
143
140
141
144
147
140
144
143
147
143
143
142
144
143
144
142
140
139
141
137
141
142
141
142
142
142
143
140
142
139
142
144
141
143
142
147
147
145
149
149
147
144
151
143
151
148
143
151
144
150
144
146
143
172
156
169
162
207
206
202
183
207
205
200
179
238
250
272
221
265
221
208
227
201
214
210
208
210
209
208
214
209
199
209
213
222
224
215
217
213
207
207
205
196
208
217
207
208
224
208
208
210
212
235
232
232
229
234
240
240
239
239
236
235
232
233
228
242
228
233
235
237
232
234
238
235
235
233
233
231
231
228
233
235
235
239
266
263
266
261
251
249
257
256
254
257
258
258
251
257
250
71
69
76
71
69
70
69
77
68
76
69
70
67
67
66
74
74
76
73
74
73
74
58
59
61
52
53
65
52
60
59
53
47
44
43
47
43
45
45
45
61
56
59
48
60
67
60
58
60
72
70
77
74
70
77
77
72
70
77
72
73
73
72
73
69
69
67
66
67
70
68
67
69
65
69
66
62
63
64
62
62
62
64
65
63
64
62
60
63
64
61
64
61
63
54
55
55
54
54
56
52
55
55
54
56
57
57
57
53
56
55
54
56
52
55
59
52
53
54
53
53
52
52
52
52
53
48
50
50
52
51
53
55
50
55
52
51
53
52
51
55
58
59
58
59
55
57
58
58
59
58
61
54
58
54
57
58
56
58
59
55
56
53
55
56
53
54
55
54
53
53
54
55
53
54
51
53
56
55
53
53
55
42
43
41
43
42
43
43
43
44
41
48
44
43
49
46
45
46
47
45
46
48
45
47
43
45
49
45
46
46
45
44
46
46
46
46
46
44
45
47
44
44
46
46
43
44
40
39
43
42
44
43
45
42
42
42
41
39
42
40
39
41
42
39
39
41
40
42
42
39
42
42
41
41
42
41
40
43
42
44
43
42
46
42
46
43
44
41
167
162
162
163
163
162
164
166
157
165
161
159
164
159
163
164
164
162
161
163
163
157
152
144
156
152
154
149
148
143
142
153
141
149
153
142
149
153
153
144
149
152
150
141
154
154
152
145
143
144
143
144
145
145
148
150
156
150
148
142
146
149
144
144
147
147
142
149
143
148
145
148
147
154
148
145
145
148
144
150
157
146
157
157
158
149
150
146
145
147
157
144
158
158
143
137
146
85
81
77
84
82
84
76
86
87
87
80
84
79
80
78
76
76
76
76
81
79
80
78
79
79
80
78
79
85
101
86
81
90
102
96
86
89
85
100
87
83
90
96
95
95
101
100
92
95
97
99
100
101
96
97
95
97
95
96
100
95
91
96
92
85
91
95
93
88
91
92
92
101
98
91
106
101
95
91
91
96
95
96
92
108
91
99
130
132
130
128
128
130
131
130
124
124
129
131
131
131
128
130
132
124
128
128
132
127
129
124
113
130
114
114
115
118
114
108
115
130
131
128
115
117
112
111
112
130
115
114
116
114
112
127
112
112
112
116
111
124
123
121
120
122
122
120
122
123
124
129
126
122
113
117
123
123
118
122
122
122
126
123
121
120
118
114
121
123
125
126
122
122
111
108
110
111
109
110
112
104
114
110
109
110
110
108
114
111
111
111
103
103
100
101
159
156
166
152
162
187
184
176
174
180
183
174
176
176
188
175
187
182
178
178
182
174
175
176
175
186
179
168
177
188
171
184
179
181
179
181
181
181
184
175
183
179
179
183
179
184
185
183
182
177
180
178
180
186
179
185
186
274
270
277
274
270
279
299
272
266
295
269
273
338
468
277
294
294
297
319
314
321
319
312
192
190
193
195
192
194
190
204
205
204
203
203
205
203
216
217
214
219
214
214
215
217
225
218
227
226
227
229
226
225
221
214
217
217
217
219
221
228
220
227
250
243
223
231
254
229
237
231
244
245
243
240
223
244
245
243
270
263
248
242
243
224
233
253
224
247
226
247
268
251
235
259
257
257
258
254
256
257
262
256
258
254
251
260
260
268
276
257
271
256
241
234
248
262
71
72
74
72
70
87
84
84
83
85
86
84
86
85
78
83
82
77
86
82
79
75
74
75
71
76
77
77
75
75
78
75
75
70
78
75
75
75
73
65
64
66
69
69
68
69
66
63
69
68
68
65
64
68
62
62
62
69
66
66
63
69
66
69
71
75
70
71
66
78
77
67
78
71
73
75
73
74
77
74
68
73
75
64
66
58
65
36
35
41
40
37
41
41
37
40
36
35
33
32
33
35
34
21
22
23
20
21
21
20
21
20
25
25
20
27
25
25
27
26
26
26
27
35
32
35
29
39
33
32
30
31
38
42
43
41
43
44
45
44
42
43
40
39
35
40
41
42
38
39
39
39
40
40
36
30
32
27
31
28
28
32
29
31
28
27
30
28
28
28
28
26
27
28
27
28
29
30
27
27
26
27
28
28
28
29
30
29
28
28
29
30
28
29
30
27
30
28
28
28
29
28
29
30
28
28
31
28
27
29
30
34
33
32
33
36
34
36
35
34
33
35
33
33
33
34
34
37
35
35
92
88
90
91
87
90
89
90
88
88
88
97
99
96
97
98
97
97
99
97
97
99
99
99
95
96
99
99
96
98
91
91
94
91
101
97
91
93
91
98
94
94
102
98
96
97
102
100
101
78
79
83
72
79
83
70
79
84
80
84
72
78
75
78
68
67
64
63
64
66
64
67
73
64
72
65
73
61
64
63
64
66
66
65
63
66
66
64
63
67
65
67
67
68
67
64
69
67
65
65
45
47
48
47
46
49
52
61
66
60
53
61
52
53
52
52
82
85
82
78
68
86
81
73
81
76
67
81
84
84
81
80
79
79
78
112
89
91
96
104
112
109
106
89
109
112
109
90
112
106
97
89
108
109
108
106
108
106
109
108
104
109
109
104
105
106
105
112
105
104
110
104
109
113
111
109
106
106
108
108
93
110
92
87
110
95
88
95
95
104
88
92
92
93
108
89
99
92
96
94
104
110
93
94
93
85
86
83
86
81
85
78
127
111
131
130
128
127
131
120
114
114
110
129
127
129
116
129
128
129
127
129
130
131
127
130
129
129
127
120
127
127
128
130
130
126
128
128
129
127
122
127
126
126
128
128
120
124
126
124
121
120
123
130
135
134
131
116
118
130
124
117
124
132
115
171
166
168
162
150
139
135
131
167
162
159
162
165
159
166
168
132
163
164
173
166
174
176
174
174
167
172
174
166
174
163
170
166
170
164
171
173
170
169
195
198
187
189
186
193
186
194
186
195
177
194
184
196
178
189
186
174
195
191
189
187
185
180
180
188
193
179
193
185
204
194
179
208
179
187
180
187
187
180
200
191
183
134
148
159
159
157
150
147
149
149
148
147
151
157
149
152
156
160
171
165
150
157
215
208
214
212
185
209
206
213
240
241
244
238
241
241
241
240
238
238
241
242
240
220
238
238
215
221
241
219
219
234
241
236
242
239
241
213
220
218
221
214
215
215
216
215
221
215
221
217
206
213
219
214
209
212
213
213
218
220
215
205
210
214
211
219
217
218
57
66
65
60
64
64
55
54
56
55
55
58
58
54
56
54
59
58
57
55
52
56
52
53
57
54
47
49
49
47
48
50
48
48
51
42
43
45
42
43
43
45
48
52
49
49
53
49
51
54
49
50
51
56
55
55
53
55
56
54
54
56
54
54
56
55
51
54
54
53
53
50
53
54
50
51
54
59
59
57
60
59
57
57
58
57
55
70
68
69
71
68
68
66
71
73
71
70
66
72
69
71
71
68
71
66
69
71
69
71
63
64
67
64
64
64
62
64
64
65
66
64
65
67
62
65
65
64
67
65
63
64
63
64
66
65
62
68
64
65
65
62
67
66
64
64
64
64
67
63
69
67
64
64
64
61
64
64
67
67
65
64
63
65
69
71
74
72
70
72
74
72
74
73
72
72
72
69
73
70
69
72
70
71
72
68
71
70
70
68
69
71
82
82
81
82
84
81
82
79
81
82
79
85
79
80
77
82
73
82
83
81
80
75
80
85
79
75
73
75
74
76
73
77
76
75
69
72
76
77
77
76
77
70
68
74
78
76
56
50
56
57
49
57
50
53
60
51
54
53
49
56
62
54
64
52
50
66
50
52
57
54
52
53
52
55
52
52
52
55
54
54
52
56
51
143
142
142
141
144
141
144
143
144
146
142
135
135
131
126
127
128
140
128
127
128
137
127
128
135
131
131
127
126
132
134
133
130
125
127
131
135
129
132
132
132
131
132
129
131
135
135
135
135
133
133
132
129
131
132
132
132
132
132
130
129
127
133
134
130
133
131
133
132
130
132
132
132
132
133
131
134
132
133
134
132
126
123
117
116
117
120
122
92
91
92
92
100
84
105
108
105
107
100
107
107
104
107
108
106
100
108
107
101
107
107
108
108
112
113
112
105
109
112
109
107
106
108
112
113
111
112
113
111
113
105
111
105
107
101
102
101
113
115
106
100
113
113
103
103
101
113
114
105
105
104
103
103
104
103
113
105
110
105
114
115
118
115
117
115
118
119
115
113
120
119
117
114
116
119
113
116
116
115
113
120
118
118
118
117
118
114
116
146
143
147
138
146
134
141
138
134
130
141
148
141
144
138
208
204
196
220
232
200
203
206
205
204
214
212
230
248
253
240
247
245
239
222
213
204
215
212
227
243
248
247
241
245
230
222
246
235
246
207
236
224
219
256
214
247
245
219
236
247
215
246
232
250
245
240
245
218
235
240
249
257
262
274
270
274
259
259
243
241
238
247
256
258
257
262
270
271
270
269
275
258
254
258
276
255
271
258
255
265
240
255
245
261
277
274
261
261
259
256
273
255
261
240
271
251
255
240
240
244
257
260
274
269
257
255
238
195
183
191
193
184
189
192
186
188
193
194
191
182
184
190
186
195
187
166
171
147
184
171
160
166
165
158
144
170
166
165
191
186
189
148
179
164
171
176
174
176
170
165
175
163
175
176
179
171
169
163
152
156
153
157
157
156
109
113
118
114
115
119
117
136
137
136
140
137
134
268
258
246
237
234
235
233
178
193
201
215
225
232
231
230
232
231
230
207
232
213
181
218
207
205
206
204
205
207
232
213
194
178
206
202
202
170
174
178
183
188
196
202
232
227
207
194
178
203
168
168
172
172
164
172
170
166
167
172
166
166
164
167
166
170
171
170
171
169
169
165
169
166
167
165
166
170
171
166
170
172
167
171
165
173
170
174
190
192
186
189
192
188
187
187
194
190
190
193
198
189
191
48
49
49
45
51
49
50
46
46
51
50
52
48
46
50
47
47
50
50
52
48
48
50
48
48
48
54
51
51
52
50
53
52
48
50
51
49
51
53
52
50
48
51
49
49
50
50
48
48
49
47
49
52
48
49
50
50
50
48
50
50
48
52
55
55
53
63
57
56
53
56
52
58
63
58
54
53
51
50
58
66
62
65
64
62
61
63
65
62
65
59
65
64
63
63
63
63
63
65
65
63
66
60
61
63
63
60
63
61
61
60
60
60
62
62
64
65
66
65
61
59
63
58
58
58
58
60
63
59
58
64
65
61
57
58
61
59
71
43
44
43
43
42
46
44
44
47
49
50
49
53
48
49
49
50
51
48
48
48
50
65
51
66
59
59
54
72
65
57
51
60
50
57
66
82
83
87
82
83
84
83
83
84
86
85
83
82
72
85
88
85
84
83
82
86
82
81
83
87
74
83
82
83
74
81
86
89
83
83
73
83
82
87
82
74
82
54
54
55
54
53
52
54
53
55
54
55
53
61
54
53
54
55
54
67
53
55
54
52
54
53
53
53
53
54
53
54
53
51
52
53
54
53
57
59
54
55
57
61
55
55
54
58
51
47
50
51
53
54
52
52
51
53
51
49
51
47
128
131
129
127
124
128
130
126
128
126
130
124
128
125
132
133
130
134
131
132
131
128
128
128
131
133
127
128
132
129
130
133
138
135
136
135
136
134
134
133
139
136
134
135
135
131
138
140
134
135
136
130
133
133
138
135
128
125
133
131
131
134
126
128
133
127
125
131
130
130
131
111
111
111
112
111
107
103
110
110
108
110
100
103
106
109
109
107
103
110
109
108
110
108
108
111
101
105
108
102
111
103
102
101
104
103
101
97
103
101
104
109
102
101
103
103
101
100
101
100
103
108
97
101
90
88
88
87
85
88
90
88
87
90
89
84
88
90
86
89
87
87
79
83
85
79
79
79
93
89
83
83
79
81
80
79
81
83
81
83
83
81
82
82
99
102
98
103
104
99
97
107
116
104
120
115
116
114
104
100
103
98
98
102
102
99
104
99
98
104
101
115
103
111
147
146
140
153
145
145
153
141
145
149
145
140
146
143
151
144
145
146
149
143
149
148
146
139
135
137
137
140
135
135
139
138
134
141
135
140
142
137
142
135
138
149
140
137
139
152
136
144
136
141
136
139
123
124
139
137
124
126
137
142
139
137
140
135
137
138
129
137
140
130
137
134
139
142
128
126
131
134
133
135
127
136
135
134
131
286
274
281
282
266
267
266
177
163
171
157
162
162
162
161
162
162
166
167
158
169
163
151
152
167
161
165
161
162
163
165
165
162
160
166
153
165
162
161
158
162
156
162
164
150
155
155
155
156
154
150
108
114
108
108
110
108
111
111
108
109
110
114
114
114
113
109
114
114
113
110
108
108
108
114
98
91
88
92
89
99
94
100
94
92
83
102
100
87
95
98
90
102
82
82
82
81
86
80
83
80
81
77
82
83
80
77
77
70
72
71
73
71
70
70
70
70
74
70
73
74
75
73
71
69
70
71
68
69
64
66
67
68
69
70
67
72
70
66
66
67
66
68
67
72
67
69
71
74
69
77
77
29
32
30
30
30
31
29
29
28
31
34
32
39
34
34
39
32
33
42
39
43
40
38
40
42
43
42
40
40
40
41
41
39
41
40
39
42
43
42
39
43
42
43
38
42
42
36
35
37
36
31
30
30
30
30
30
31
31
32
29
29
31
31
29
29
32
29
28
31
34
40
34
40
38
37
39
40
34
34
41
43
53
49
53
49
43
54
50
56
53
50
49
54
54
54
117
119
118
117
118
131
123
119
120
116
120
132
118
120
115
119
115
115
139
141
145
156
154
150
145
148
138
149
137
154
141
152
148
151
145
146
152
150
140
149
155
146
149
149
152
154
149
151
152
151
141
152
152
144
153
144
140
142
151
153
144
151
152
151
152
152
152
135
134
142
137
144
139
145
139
140
139
145
135
145
118
118
121
119
121
122
118
117
121
118
122
120
117
118
120
122
117
117
122
114
119
121
110
115
120
120
109
111
112
115
115
119
115
117
114
116
111
113
114
114
114
118
103
103
104
98
103
107
108
102
103
107
106
101
100
104
108
106
106
103
107
105
107
106
104
114
117
113
113
104
120
118
113
115
108
122
115
107
120
115
107
116
115
101
103
101
100
92
102
101
102
102
96
102
101
100
99
97
102
102
99
101
100
99
97
99
101
99
100
99
97
100
100
103
98
103
99
112
117
97
103
95
103
103
101
84
107
117
113
96
99
142
145
151
142
151
142
152
158
134
135
158
137
125
134
142
134
122
142
149
124
124
152
172
174
172
173
175
170
175
182
155
176
172
157
175
168
157
160
161
155
157
151
162
157
157
160
154
162
158
161
164
160
164
163
165
164
159
166
164
167
166
166
167
164
162
164
164
167
164
167
165
163
149
158
155
154
157
161
160
150
153
160
157
149
149
156
157
152
158
158
154
154
151
160
152
161
155
157
149
156
156
160
148
149
147
148
150
147
155
154
148
148
150
147
408
388
418
398
416
391
419
414
423
406
411
309
326
318
405
339
258
349
216
252
264
150
180
163
163
177
145
181
151
151
140
163
162
151
144
185
187
187
186
188
187
187
160
161
154
160
161
157
250
245
249
247
250
246
247
245
248
247
250
248
243
246
248
245
247
247
242
247
245
248
254
246
250
247
245
250
243
250
251
239
238
239
241
240
244
244
243
241
242
240
241
241
244
241
243
240
239
239
238
239
240
240
238
230
241
241
50
50
49
48
49
50
51
49
53
49
57
49
57
53
54
53
53
52
49
51
65
57
65
68
57
65
67
65
65
65
67
65
62
57
65
70
65
70
63
64
62
62
63
67
70
62
66
62
64
62
64
62
66
64
86
79
85
78
86
83
87
84
81
81
104
107
104
106
108
101
106
104
109
105
101
107
106
101
102
107
84
96
98
98
98
94
95
98
99
96
97
98
53
57
54
54
52
53
54
51
52
52
53
54
55
53
53
59
54
59
54
53
52
56
58
56
52
58
60
59
58
57
64
60
56
59
59
57
64
57
56
60
57
64
58
64
60
56
64
58
58
56
58
57
59
59
56
60
59
56
55
57
59
59
58
59
56
57
59
60
53
53
55
57
53
55
52
53
52
56
50
55
53
53
56
50
56
54
53
49
50
48
50
50
48
46
49
48
48
50
50
48
49
47
49
45
46
46
48
48
45
49
43
43
46
42
43
42
46
43
44
44
44
42
38
38
35
38
39
38
37
38
37
37
36
36
37
37
37
35
36
38
40
37
116
112
114
116
110
116
117
117
116
116
123
117
121
121
119
121
119
122
125
123
119
119
119
122
127
126
126
127
128
125
124
124
129
135
135
134
131
134
131
129
126
129
127
131
134
135
135
132
94
93
84
101
94
93
93
77
77
85
84
83
80
77
77
76
79
79
80
78
76
74
85
78
78
75
81
76
75
78
83
82
81
74
76
78
74
75
75
80
81
75
78
76
74
78
79
79
79
81
80
80
80
79
81
80
78
76
79
79
80
79
79
78
79
79
79
78
79
80
73
75
70
77
74
74
71
75
78
75
73
71
77
73
74
69
76
76
76
76
81
78
83
85
86
79
77
81
83
82
85
85
83
80
85
83
82
85
84
77
84
83
82
79
83
84
85
87
88
87
86
85
86
87
88
87
89
86
87
88
88
87
87
90
88
88
88
87
88
88
89
325
311
310
332
318
283
261
303
266
288
301
282
223
242
264
208
282
234
304
210
299
266
300
304
303
301
262
192
194
192
192
192
193
190
195
190
192
184
193
185
185
195
190
190
192
193
197
191
193
197
189
192
197
193
186
197
197
186
192
200
212
202
202
201
210
204
199
200
193
209
200
204
199
201
199
199
210
199
204
201
199
210
209
197
200
193
212
161
169
174
194
193
179
178
169
181
167
183
181
167
178
174
169
194
166
177
168
192
176
193
169
174
162
162
178
165
158
157
147
156
156
164
158
163
163
154
164
154
154
152
157
158
107
104
111
118
115
119
118
131
130
126
125
123
128
133
109
108
109
109
113
111
107
112
110
108
109
108
111
121
112
116
121
95
88
88
94
111
90
81
90
88
92
95
111
111
114
90
94
93
93
77
78
79
77
77
79
85
83
81
82
81
81
80
78
79
93
102
91
94
94
93
96
106
100
96
93
90
86
85
92
95
95
95
113
118
116
112
119
116
117
117
119
134
131
127
125
121
115
115
119
114
111
110
114
115
117
136
135
139
138
141
142
138
137
140
144
143
136
138
136
138
142
138
135
75
71
80
75
75
75
67
80
72
78
72
79
80
76
71
68
80
71
82
75
81
80
70
90
90
84
85
86
86
86
87
90
85
91
90
86
87
84
82
88
88
90
90
88
84
82
86
84
87
85
86
87
83
87
86
86
84
87
86
86
87
87
87
86
86
84
86
88
85
79
76
79
79
79
79
76
80
77
80
80
80
80
82
82
78
81
81
81
80
80
79
82
78
81
81
76
76
84
81
80
80
78
81
76
81
77
81
80
78
83
81
80
76
78
81
80
75
75
75
75
78
76
73
78
76
74
73
75
78
77
76
73
70
75
76
78
73
77
73
78
74
74
73
74
75
74
72
75
73
74
120
124
123
119
124
117
124
117
117
119
124
125
118
121
121
127
124
123
123
125
125
122
123
122
129
124
124
124
124
129
123
125
122
123
133
123
128
135
135
136
133
135
127
125
133
125
132
132
123
134
134
123
125
154
134
140
143
145
146
153
155
160
159
160
148
135
160
147
159
153
144
148
147
147
140
145
153
159
155
146
149
95
92
91
95
99
92
85
86
85
91
84
88
90
90
86
90
86
94
84
86
95
91
89
85
88
87
87
100
93
98
99
106
98
93
94
99
97
96
98
94
94
99
95
95
99
98
112
111
97
102
105
113
107
109
109
110
107
103
112
107
112
106
103
106
98
97
95
91
96
91
99
99
97
95
95
96
95
98
101
97
95
96
92
87
92
88
88
88
97
87
89
91
88
88
88
135
131
126
125
135
134
131
135
132
130
134
132
133
133
132
127
132
136
135
130
131
133
133
128
129
132
132
146
139
143
146
144
142
140
141
143
145
146
144
142
139
140
139
141
146
139
140
145
146
142
143
142
142
149
141
140
141
146
141
141
149
137
140
143
145
143
143
144
146
145
153
146
147
144
145
145
147
146
144
154
150
143
145
153
150
154
146
150
144
146
145
145
147
146
144
146
148
151
151
147
143
150
145
147
140
140
138
141
136
141
138
144
142
136
138
138
139
141
138
142
138
150
170
178
146
183
167
166
147
136
145
138
138
139
139
136
136
138
136
145
144
136
133
140
136
138
144
134
123
130
121
125
123
118
128
127
128
127
126
121
122
124
121
125
122
127
127
124
121
127
120
125
121
125
118
121
123
123
121
123
130
108
103
107
103
115
105
107
107
104
111
102
106
102
107
105
104
118
102
105
103
102
104
104
103
106
103
104
103
101
105
105
101
103
104
101
102
102
106
106
114
162
164
156
164
163
165
155
168
138
139
138
140
139
139
139
111
113
115
107
113
107
107
107
110
115
116
107
113
113
112
105
107
107
106
113
113
115
143
153
161
159
166
171
167
163
166
165
119
121
125
119
125
120
122
131
101
104
112
119
120
112
105
115
120
122
132
133
101
126
125
128
122
118
120
110
112
109
109
110
110
109
112
110
114
115
118
114
117
108
112
107
101
109
107
113
110
117
115
119
116
116
120
118
119
120
120
119
117
118
119
116
117
117
119
118
118
117
117
118
119
117
119
119
120
116
90
89
70
66
60
65
60
63
68
66
70
69
62
65
62
60
60
63
60
63
59
62
58
59
60
60
63
63
60
60
58
58
61
69
68
70
71
70
68
71
66
66
66
65
69
66
68
69
68
69
71
66
66
67
68
73
72
71
71
71
72
67
68
73
73
70
72
71
65
68
69
70
72
71
73
71
69
69
69
67
65
64
66
65
65
65
65
65
63
64
66
64
65
65
65
65
63
66
66
69
66
74
68
65
65
69
65
71
73
72
70
66
65
69
67
74
74
73
72
74
74
74
72
72
72
75
73
73
73
74
75
74
78
74
73
57
62
58
62
56
56
62
57
58
57
60
55
54
52
54
52
51
53
54
52
55
54
52
55
54
52
51
50
50
49
50
51
51
49
52
50
52
51
51
52
51
50
49
46
49
47
46
48
48
48
44
46
48
46
48
46
48
48
47
47
48
47
48
47
48
47
47
48
46
47
47
47
47
45
46
45
43
43
46
46
45
45
43
46
46
43
39
41
40
38
39
40
37
37
36
37
37
35
35
37
35
34
34
35
34
33
34
35
40
36
39
36
38
33
37
39
35
37
39
42
42
41
42
41
42
43
43
40
42
44
42
42
42
43
43
42
42
43
43
43
42
42
42
43
44
42
41
42
48
42
43
46
43
45
44
42
45
65
72
73
69
73
70
72
73
69
74
71
70
69
74
81
73
79
82
80
73
74
74
72
73
81
78
81
91
89
86
88
88
95
93
91
96
94
94
93
96
94
93
93
95
98
97
100
105
102
96
102
105
102
96
100
96
102
122
110
105
106
106
96
100
106
103
103
94
100
98
92
91
93
95
94
98
96
99
92
95
93
94
96
97
97
92
93
97
94
94
94
95
94
93
94
97
95
95
96
89
85
89
89
82
87
88
89
90
86
86
86
91
89
90
75
83
79
79
80
85
83
79
82
80
75
78
83
86
85
84
86
87
90
100
101
91
91
92
91
90
92
91
91
98
90
91
88
96
100
97
96
99
97
97
98
99
101
99
99
99
96
96
98
98
98
99
97
96
98
100
98
107
109
108
108
106
103
104
107
104
107
109
112
112
102
107
108
103
115
114
117
116
119
119
117
121
119
120
121
116
116
118
117
120
114
122
122
110
119
122
109
108
108
108
110
110
112
111
111
110
109
112
108
108
108
108
114
109
111
116
110
108
109
110
110
110
115
111
106
113
111
107
114
115
111
109
111
111
112
113
110
114
107
111
110
111
111
113
111
113
114
114
114
112
113
114
113
112
120
113
115
112
113
112
111
114
120
119
120
114
112
115
116
114
115
116
109
114
112
111
112
110
114
111
111
117
113
115
113
116
112
115
111
109
111
111
113
108
110
108
113
111
112
112
113
112
110
107
112
112
112
111
113
106
109
104
102
104
102
102
104
112
110
113
111
111
115
114
113
114
113
113
113
112
114
118
121
117
118
120
118
120
129
120
120
114
116
119
139
140
139
136
140
144
140
138
140
134
139
142
140
142
142
143
144
91
95
93
98
91
94
96
97
91
90
99
99
97
99
96
98
99
98
97
99
95
99
98
96
98
95
97
97
100
96
96
99
97
105
107
105
103
103
105
102
103
105
106
101
104
108
108
99
106
101
106
105
104
103
94
96
100
96
94
95
95
99
91
96
94
103
98
95
100
95
95
96
81
78
87
86
97
90
80
85
80
79
81
75
89
79
86
83
86
72
69
75
71
74
72
71
72
70
73
72
72
69
64
64
66
66
64
21
21
21
22
24
25
27
24
28
27
24
24
31
31
31
34
34
31
30
29
33
34
35
35
35
33
32
33
36
32
38
36
37
38
36
36
32
33
36
37
37
35
37
37
34
35
34
36
37
32
33
32
34
31
34
31
31
34
35
35
30
29
31
28
30
29
29
30
34
45
35
36
34
34
48
48
35
55
50
61
55
56
56
60
51
51
55
60
61
61
60
57
55
59
61
59
53
56
59
48
59
57
59
60
58
48
58
44
41
41
41
40
42
38
45
39
44
45
34
34
32
35
37
35
36
31
36
33
144
149
157
147
157
148
151
156
148
148
148
150
155
160
149
146
130
135
139
133
137
144
139
137
137
139
136
138
138
129
162
162
156
145
161
145
160
156
163
160
154
153
156
155
163
154
145
153
145
152
158
162
162
162
161
157
159
157
153
112
113
115
115
132
137
136
132
137
137
136
126
137
133
126
122
122
136
133
124
137
134
134
127
137
133
120
118
119
119
119
119
119
125
111
114
116
129
114
117
113
119
121
120
118
119
120
112
97
95
90
95
94
93
92
96
98
105
94
105
94
97
104
106
106
105
96
97
93
95
94
93
95
96
106
87
87
89
94
86
88
90
94
92
88
88
93
93
92
87
87
86
86
88
94
86
88
145
144
145
133
126
130
140
147
145
138
140
143
132
148
140
148
120
121
122
122
117
118
125
121
121
129
117
120
119
123
122
120
127
121
130
119
117
119
133
118
119
121
123
122
121
119
128
120
122
119
130
120
127
121
206
180
178
180
180
180
177
180
176
190
179
199
181
198
181
184
170
153
172
153
161
155
165
171
154
173
164
155
173
147
170
147
171
162
183
161
148
153
151
159
163
160
162
158
159
159
158
159
160
160
162
155
156
153
154
159
157
159
156
153
153
155
152
155
156
152
155
156
153
159
158
157
159
156
153
158
151
153
170
168
166
154
152
174
390
390
387
400
347
405
324
160
154
153
152
156
153
101
102
102
100
102
100
118
121
118
117
127
120
122
120
122
142
129
143
129
139
140
140
145
143
144
146
145
140
142
148
158
157
153
150
148
146
145
140
142
148
140
147
163
161
161
159
163
158
163
159
160
164
161
163
162
162
162
159
160
161
165
159
159
168
170
163
188
167
171
170
169
171
167
163
170
184
189
188
191
184
178
172
161
169
162
186
191
167
165
209
210
74
73
86
86
82
85
85
85
85
85
88
79
82
83
81
82
82
81
79
80
86
88
79
76
82
74
74
74
76
76
79
75
75
75
76
79
71
72
74
74
71
80
66
69
67
66
68
68
67
67
67
70
73
69
68
68
68
72
67
69
72
70
69
69
70
74
68
75
76
75
71
73
74
72
72
70
72
71
74
73
71
80
74
75
75
77
75
74
77
77
72
72
77
77
80
74
75
78
80
75
73
73
72
80
77
77
82
78
79
79
76
81
77
78
85
81
76
82
85
82
78
77
81
81
84
81
80
89
88
85
88
86
87
85
86
89
90
87
91
89
91
89
87
89
88
87
87
87
90
89
88
90
87
91
89
88
88
88
87
89
88
84
88
88
90
89
84
88
90
89
90
77
78
85
78
74
77
77
83
74
77
77
79
86
77
76
79
72
78
81
64
64
67
63
67
64
63
65
64
67
66
65
65
65
65
69
84
69
74
76
75
72
73
75
72
74
70
70
69
77
72
76
76
55
64
67
59
65
64
66
63
65
65
61
65
59
58
57
57
55
57
59
59
56
58
56
54
56
59
54
55
58
57
55
54
57
56
60
55
57
56
57
55
60
53
57
56
55
53
57
55
56
54
60
55
53
57
60
56
56
57
55
57
59
62
62
65
62
60
60
54
59
62
61
60
64
54
63
61
61
59
49
36
40
43
40
43
49
34
46
41
43
43
88
89
91
90
90
88
89
94
87
91
87
86
88
89
90
90
88
90
88
88
90
89
99
97
97
92
92
93
92
109
109
108
107
105
101
108
104
104
102
105
108
108
107
104
110
108
113
112
108
106
112
110
111
112
109
106
147
147
141
147
144
147
142
126
134
143
140
138
143
141
138
138
134
140
138
134
136
134
135
134
135
132
138
135
134
133
135
134
135
140
133
134
138
134
136
134
135
135
136
112
115
117
117
124
112
114
115
119
127
114
122
118
128
112
115
112
113
112
114
128
118
115
113
117
118
118
117
119
132
123
119
105
107
109
115
108
106
103
108
110
114
111
107
105
108
109
108
106
109
108
107
94
98
94
98
99
98
94
94
99
92
97
94
99
93
192
204
167
199
203
199
201
196
210
182
211
172
210
181
200
212
193
227
216
229
215
212
218
216
216
224
222
216
220
216
212
224
230
229
229
224
230
220
226
224
226
226
225
224
222
202
197
196
201
203
204
203
202
205
226
205
205
207
198
232
207
202
200
207
200
205
149
149
154
148
151
153
154
152
151
153
155
155
153
149
147
155
144
152
155
149
147
148
146
155
149
155
150
150
151
151
148
152
147
149
153
153
147
148
154
155
152
148
141
142
139
138
135
136
140
139
140
138
138
140
136
137
139
135
142
135
137
137
137
138
136
139
134
120
122
119
124
120
121
123
124
127
125
121
122
117
120
118
122
129
119
127
120
251
250
250
251
248
248
248
258
248
248
251
251
260
247
263
255
250
241
260
264
264
266
249
250
250
254
247
252
250
255
251
240
258
255
252
257
240
251
250
215
229
226
220
215
216
217
220
220
218
216
70
67
68
67
70
69
71
68
71
68
65
71
72
67
64
65
66
66
69
75
70
71
71
74
75
71
75
75
67
70
73
72
73
69
70
70
65
67
73
69
74
76
94
82
83
85
80
85
82
80
82
87
80
83
83
96
80
86
93
77
80
81
84
96
95
97
96
95
91
93
92
92
90
95
95
96
95
92
94
94
95
95
92
96
95
93
95
98
101
103
102
101
101
100
99
100
100
100
102
97
102
101
104
102
98
97
101
102
104
93
96
91
98
93
97
96
94
97
56
58
56
58
59
55
59
57
55
57
56
59
54
59
57
56
55
59
58
59
58
57
57
56
57
57
58
57
58
58
54
58
58
57
53
56
57
56
55
57
54
57
57
54
54
59
57
56
55
55
58
58
58
58
61
58
58
58
58
59
58
56
58
57
58
58
57
64
57
60
55
56
58
55
63
59
58
55
58
58
58
61
58
55
59
64
64
65
66
63
67
65
63
65
60
60
64
62
60
62
67
67
65
62
61
63
62
65
67
61
63
61
67
67
69
70
67
71
68
69
70
70
68
69
70
68
68
69
67
67
70
69
68
67
70
68
69
68
68
66
68
69
68
67
68
66
67
69
68
68
68
69
67
68
69
70
70
68
68
67
153
157
148
139
142
148
157
148
158
154
151
154
154
154
144
153
156
153
119
117
122
116
119
132
124
126
107
115
127
130
113
105
116
124
130
113
105
119
118
118
119
103
120
126
130
104
119
128
107
108
106
106
106
107
107
101
106
108
105
105
107
103
103
104
106
105
102
103
118
125
117
128
116
115
117
126
117
118
118
115
114
113
117
117
117
126
120
117
126
126
124
124
123
120
122
126
123
120
121
122
122
129
123
118
119
122
130
132
130
131
128
132
128
128
131
131
127
128
135
128
125
133
132
129
127
129
132
130
131
129
129
123
122
124
123
123
123
120
121
120
116
122
119
121
111
121
120
122
124
122
120
124
121
121
121
123
122
120
108
108
108
107
108
106
105
106
100
108
105
108
106
105
108
107
109
105
104
111
104
99
99
94
99
96
101
101
98
100
100
100
101
100
98
96
99
97
98
99
86
85
85
85
85
87
85
93
87
88
88
85
87
254
262
254
251
245
244
244
265
269
271
262
243
255
247
268
258
274
266
243
246
247
254
266
268
264
274
244
262
265
246
268
254
255
270
256
267
267
243
264
276
267
267
274
278
268
275
271
266
212
213
221
222
244
223
244
228
211
211
212
244
206
218
227
231
229
227
218
210
227
224
219
245
222
212
212
212
210
219
223
228
231
240
243
244
218
226
232
213
218
218
223
207
232
223
214
107
115
112
108
109
118
120
113
107
115
108
109
105
120
118
107
112
134
138
133
140
137
133
142
131
144
132
139
138
134
129
145
130
139
150
145
139
125
141
167
178
185
205
161
193
187
188
194
185
199
197
168
201
192
195
173
193
156
161
154
161
159
162
160
162
159
156
151
153
148
149
149
145
161
181
183
183
182
183
178
148
146
149
147
121
133
126
120
122
121
130
121
126
121
124
134
126
124
127
128
130
127
126
134
123
124
129
127
126
127
125
126
131
131
136
139
133
128
127
131
134
125
128
129
154
161
154
161
157
154
155
154
152
157
158
158
164
169
167
164
161
155
153
156
158
158
152
159
162
165
167
160
171
159
166
167
170
167
163
167
158
143
63
61
63
62
61
62
63
63
60
63
66
65
64
67
61
60
67
64
63
67
59
62
59
63
64
65
63
61
63
65
61
63
66
66
63
63
61
62
63
62
62
46
50
46
50
58
46
46
44
47
37
35
35
37
38
35
35
36
37
34
37
35
35
36
34
36
39
39
39
41
39
40
39
41
38
41
40
46
46
45
46
45
42
44
41
46
41
60
59
58
60
60
57
64
59
58
60
80
81
81
83
83
81
81
81
84
81
83
82
79
83
42
40
43
43
42
38
40
42
42
43
40
44
37
37
37
38
38
37
41
39
40
40
38
39
38
43
44
42
45
42
41
42
43
46
41
43
56
46
62
52
60
54
54
61
63
61
54
46
57
53
62
45
68
82
81
82
84
63
82
86
86
81
72
63
82
63
81
84
84
85
84
82
64
64
83
85
82
77
80
84
82
78
77
78
83
85
82
77
82
86
85
84
85
86
86
82
81
78
87
82
77
77
65
67
66
63
76
65
66
71
78
64
68
72
74
68
78
64
67
74
72
77
76
77
75
74
78
75
68
71
74
70
69
78
70
76
71
74
76
77
75
126
129
120
119
127
119
123
120
120
117
120
125
121
117
126
122
123
125
120
118
123
118
121
123
119
118
121
123
120
119
118
121
120
121
118
118
119
123
117
141
134
124
129
136
136
129
135
132
129
129
129
138
129
134
137
138
129
142
144
144
143
141
141
144
144
145
143
142
142
83
86
87
86
86
78
76
74
77
75
78
73
76
74
83
73
72
75
75
83
72
78
76
77
74
73
74
75
79
75
76
76
75
77
80
77
76
74
81
75
75
73
76
77
83
85
82
84
81
81
84
83
82
81
85
82
82
81
85
82
86
83
82
83
85
79
87
84
80
82
85
80
79
84
83
84
80
80
84
83
82
82
82
83
87
84
84
84
86
87
88
93
87
85
89
90
80
89
92
89
89
82
93
90
89
80
91
88
85
93
95
93
95
92
93
91
92
93
95
93
93
96
94
96
91
91
181
179
173
173
170
172
169
171
171
170
181
170
170
171
175
173
173
173
181
172
175
168
173
170
171
180
172
173
181
171
171
171
162
174
170
169
170
175
175
161
171
166
173
166
170
168
166
173
172
170
167
159
173
175
173
171
173
175
168
167
166
169
161
164
159
160
161
166
165
165
170
165
165
423
425
333
343
399
324
333
345
343
382
389
397
407
422
385
397
382
388
387
415
374
399
344
397
344
407
343
390
392
341
388
389
341
391
411
433
362
389
390
412
422
398
466
467
468
466
467
468
461
465
470
448
468
472
393
191
187
190
190
215
200
193
192
150
136
148
139
139
137
155
160
162
160
161
160
168
157
199
192
198
187
199
198
198
190
194
192
191
192
191
196
192
193
192
194
193
193
196
194
193
195
193
197
195
194
194
191
193
189
187
191
195
190
182
186
186
185
186
185
186
185
180
190
183
194
148
155
186
194
200
201
203
190
184
184
117
124
115
122
122
119
123
122
122
123
117
123
118
122
115
114
121
128
137
147
122
121
119
63
65
64
74
64
65
75
75
75
69
64
63
63
65
76
80
78
81
79
78
77
81
81
78
83
80
80
78
77
79
77
75
80
76
84
82
84
87
85
88
84
81
86
84
81
79
86
83
83
82
84
84
85
82
80
83
80
82
84
80
82
80
85
83
84
84
81
83
81
82
81
78
80
80
82
78
80
83
85
83
84
83
85
81
86
84
85
86
80
83
83
81
85
83
84
85
84
85
86
77
82
84
78
80
82
74
80
77
83
81
84
79
76
74
81
81
77
77
64
68
65
62
66
67
65
65
69
66
67
71
65
65
70
65
71
71
71
71
67
74
68
70
70
64
72
71
65
72
76
74
72
78
74
75
76
73
74
76
70
69
76
71
77
73
71
69
76
75
72
77
73
70
74
74
72
71
71
71
72
72
72
68
73
71
69
73
72
74
70
72
73
71
72
69
72
70
63
62
62
71
64
62
71
63
71
64
69
66
63
69
64
71
63
69
62
68
69
70
71
67
65
70
68
67
67
65
66
66
69
70
67
70
68
71
71
72
71
71
73
72
71
72
72
73
70
72
71
72
69
71
71
71
70
68
62
65
68
71
64
67
68
69
66
70
68
62
68
66
71
67
62
57
56
58
57
62
139
143
134
140
135
140
139
139
138
140
139
137
140
144
141
138
140
141
133
141
139
134
142
137
141
136
139
134
141
140
134
137
142
143
134
137
139
134
141
142
141
141
123
125
124
128
127
128
126
125
125
127
127
123
122
126
124
126
125
123
127
125
123
127
123
127
126
125
125
126
126
128
123
125
124
124
125
125
130
130
127
129
126
126
127
126
128
129
127
126
124
126
127
124
126
128
127
126
127
128
136
139
131
134
135
137
98
93
94
93
92
93
97
97
96
106
106
106
98
106
106
115
106
104
99
97
103
106
105
106
106
103
101
107
103
105
102
105
101
127
130
126
125
122
132
132
128
121
116
134
131
126
130
133
127
129
129
134
125
124
134
129
128
122
120
117
123
125
122
126
126
121
132
126
130
128
127
128
126
128
134
121
121
126
127
127
119
129
125
134
136
125
134
136
131
129
134
133
136
136
123
125
126
125
136
135
133
130
126
131
136
132
126
109
110
110
102
115
114
117
103
112
117
112
112
111
114
108
116
106
111
113
111
244
224
162
172
175
171
195
181
170
201
182
174
169
172
169
179
206
175
199
199
203
198
176
169
202
176
201
181
205
171
172
181
181
172
201
173
181
172
201
169
196
177
165
155
159
155
161
163
161
157
163
160
161
159
160
164
161
159
158
162
158
159
164
155
164
163
157
159
164
157
162
160
146
146
149
155
151
156
145
145
151
146
149
147
143
155
153
152
146
147
147
155
152
147
148
154
148
150
144
172
171
176
170
170
170
173
170
172
168
173
173
167
169
174
170
179
176
180
176
176
175
173
179
183
178
180
178
180
175
174
181
174
173
176
177
269
375
241
356
180
287
278
178
235
181
334
244
262
135
135
135
130
131
130
130
132
131
140
159
156
154
152
158
151
156
187
174
188
187
186
190
188
186
187
190
193
192
174
175
188
191
194
225
220
220
225
229
226
227
228
229
228
229
226
219
227
227
220
219
218
220
227
237
228
256
252
250
253
252
253
254
255
254
249
252
261
252
250
254
257
258
258
57
70
69
70
71
67
71
70
69
67
69
76
69
72
75
73
74
74
73
74
67
74
58
57
58
60
59
59
60
60
57
59
54
57
57
57
53
56
57
56
57
58
53
56
56
66
67
69
65
68
68
66
69
68
67
67
65
64
63
65
63
66
65
65
63
67
68
65
70
68
67
67
71
66
77
79
62
63
67
65
62
63
65
63
66
62
64
64
67
67
64
61
68
63
65
68
65
66
66
65
67
66
65
61
63
64
68
71
70
66
70
73
70
68
65
63
70
71
69
70
77
72
76
71
71
71
68
79
75
74
72
72
75
71
75
66
67
67
66
68
67
59
68
64
71
69
65
62
58
63
66
72
69
63
66
63
61
63
59
64
66
66
60
59
65
65
69
61
76
74
74
76
75
78
77
79
78
75
74
76
76
77
75
78
74
72
78
73
76
69
70
68
69
134
132
133
134
131
134
131
137
134
133
131
131
135
134
132
133
132
133
125
123
132
122
128
128
134
124
125
127
132
122
125
127
127
124
123
123
121
122
123
123
123
123
125
123
124
125
125
123
125
123
124
117
122
124
119
123
120
122
121
124
120
123
123
123
123
119
119
118
82
86
87
85
80
87
81
86
85
87
80
86
88
85
88
85
84
85
83
85
84
84
81
80
80
80
80
79
81
85
84
79
84
81
87
84
83
85
84
82
84
84
84
85
81
82
86
82
80
84
84
82
83
85
84
83
81
83
82
86
82
84
86
82
81
83
84
87
82
83
82
81
80
81
80
86
85
87
86
84
85
85
83
86
83
87
86
86
84
85
80
81
94
97
95
90
88
94
90
95
88
97
93
88
98
91
89
92
93
96
98
138
152
153
153
152
150
150
137
133
130
136
148
142
139
144
152
152
143
137
138
149
152
107
102
108
106
105
108
109
107
107
109
107
109
107
108
103
107
108
106
99
101
103
103
99
102
112
103
104
100
102
103
99
110
105
104
101
107
109
106
103
104
102
105
102
102
102
105
102
103
102
105
101
104
170
182
166
168
173
170
173
170
167
173
165
176
171
166
171
166
184
190
197
203
212
215
223
220
221
223
210
209
204
209
221
211
211
205
210
199
212
193
212
210
215
198
210
211
190
211
221
216
187
196
200
199
196
186
201
191
199
198
202
191
199
196
195
193
199
193
213
196
210
196
211
198
194
325
317
312
312
278
284
292
289
277
270
278
155
164
161
165
164
163
162
163
159
166
163
163
171
166
163
164
165
168
162
175
164
156
163
166
162
164
165
161
162
166
159
160
144
131
143
141
142
142
151
136
142
143
155
130
123
126
63
64
65
63
63
62
64
63
65
65
65
63
63
64
65
62
64
62
65
63
64
64
64
68
68
66
68
68
68
68
66
70
70
70
69
73
71
69
62
70
63
63
70
66
66
64
65
66
66
56
58
53
59
55
57
55
55
54
48
51
50
46
50
48
50
51
51
46
47
51
43
47
44
42
46
46
42
45
47
46
43
46
43
43
47
43
44
42
44
44
44
44
45
45
42
45
44
42
42
45
47
49
47
49
46
46
50
49
46
48
49
50
51
54
54
56
55
54
55
51
56
55
56
54
53
54
55
58
55
57
59
61
57
56
54
58
57
59
55
61
59
54
57
61
72
74
77
71
61
73
70
72
70
70
66
62
66
70
74
77
61
67
75
74
75
76
78
74
73
74
73
74
79
77
74
75
74
76
74
78
73
78
75
76
74
73
66
68
67
67
59
63
69
73
63
61
68
72
69
64
60
62
73
67
62
69
63
56
49
58
49
52
57
55
50
56
56
54
57
56
53
55
56
57
52
52
54
50
52
54
50
55
57
54
52
54
56
52
52
53
56
52
55
153
157
162
156
158
163
156
160
153
156
156
158
157
158
163
153
157
160
162
158
162
160
157
157
156
157
154
139
133
137
131
130
134
130
131
135
130
136
130
133
130
135
139
135
135
132
134
133
140
133
133
131
130
142
136
134
156
158
148
141
141
135
156
142
134
141
145
134
156
139
136
138
146
139
158
148
139
134
141
133
134
145
157
163
163
163
164
163
157
156
89
89
87
86
86
90
88
87
90
86
89
87
91
99
100
96
96
98
99
95
100
95
96
97
100
96
99
99
102
100
100
98
99
96
90
92
89
94
86
86
93
96
93
92
92
96
96
90
89
91
82
83
79
82
79
80
79
87
85
81
83
83
82
83
82
83
80
91
88
94
91
89
90
91
86
84
87
90
87
87
92
89
89
90
91
90
92
92
103
98
92
83
86
86
104
97
84
105
90
92
160
165
170
163
165
164
166
167
162
163
161
163
162
167
160
163
159
161
150
146
147
147
148
149
160
145
147
156
148
160
155
161
157
156
154
151
159
147
151
159
154
148
153
152
150
151
155
153
152
150
154
153
150
155
151
151
151
153
151
150
157
151
150
153
154
151
150
148
151
154
210
169
182
191
203
209
172
210
193
179
172
157
181
180
181
164
151
152
158
178
178
174
185
173
155
180
165
184
171
183
152
181
184
182
182
180
164
183
179
156
180
150
150
148
152
158
157
150
151
150
149
153
156
152
156
154
151
156
154
155
152
156
151
159
151
156
159
155
157
160
154
154
151
156
148
140
151
147
150
147
142
147
153
140
150
143
147
144
144
152
147
148
143
150
152
144
140
149
143
147
145
148
152
150
154
149
155
154
150
146
154
153
154
151
154
149
150
152
152
150
149
151
154
78
77
77
77
76
75
76
78
78
83
86
84
86
84
84
84
86
100
97
99
97
100
96
98
102
111
105
101
100
110
152
165
151
151
152
150
163
150
147
158
166
117
141
157
165
116
120
134
173
180
176
178
175
179
180
180
169
165
172
180
176
170
181
112
69
72
83
74
79
80
68
91
68
75
71
68
70
72
69
71
69
71
70
70
68
71
68
71
75
73
75
71
72
72
75
71
75
71
62
64
63
65
62
61
62
66
62
64
64
70
61
74
72
76
71
77
75
78
71
74
74
71
72
75
67
71
67
72
70
70
72
70
70
69
69
70
70
71
57
57
58
57
57
56
58
56
58
57
61
60
62
50
59
47
44
43
45
45
45
41
48
47
45
46
50
46
46
49
48
48
46
50
48
50
48
52
52
49
55
52
52
49
54
52
64
55
55
62
56
56
63
57
65
63
61
57
61
59
52
58
76
78
84
79
78
76
84
75
64
64
84
83
78
64
83
63
64
85
83
77
85
82
79
83
78
85
76
78
79
82
81
84
83
78
80
78
79
70
68
70
65
70
70
70
65
65
76
76
65
66
63
66
67
61
65
63
61
64
66
59
69
63
55
68
68
69
66
66
63
59
58
57
54
69
69
59
60
57
55
58
59
60
56
60
58
56
61
59
58
59
56
58
58
56
54
56
56
54
54
58
57
57
58
54
53
56
55
56
55
54
47
49
48
47
49
50
49
49
46
52
48
48
50
46
44
43
44
45
46
44
46
44
44
44
42
45
46
45
46
51
47
49
46
45
49
47
46
47
49
47
48
48
51
51
50
51
51
51
50
51
52
49
50
47
46
40
42
42
43
44
45
43
47
47
44
42
41
41
40
38
39
39
41
39
38
38
38
40
43
52
48
51
48
53
53
49
46
48
47
48
46
50
54
56
55
60
53
61
55
104
104
105
95
101
95
99
94
101
101
96
101
94
101
95
95
102
99
98
107
99
109
99
109
99
108
98
108
100
98
98
97
103
106
105
105
100
102
106
104
104
100
101
105
103
103
86
82
92
83
84
90
84
87
96
92
84
87
96
91
91
93
85
97
86
99
94
84
93
89
84
92
85
97
95
94
95
83
82
85
86
83
83
112
100
101
107
107
112
112
111
106
107
113
106
101
112
107
121
123
117
121
121
122
125
125
126
123
123
121
124
123
121
117
125
123
121
120
124
124
122
121
124
121
119
122
121
122
121
121
122
121
121
122
122
121
121
125
121
120
113
114
114
113
111
115
109
107
114
113
116
116
113
114
113
115
114
114
114
118
113
113
94
106
102
101
99
91
93
92
91
89
83
91
94
116
117
116
117
114
114
112
117
122
121
111
111
112
117
112
111
114
115
112
119
124
118
120
117
115
117
118
119
123
122
118
123
122
117
116
114
116
118
119
117
117
119
113
112
113
114
121
113
113
114
118
119
114
118
137
139
134
153
153
152
119
133
140
153
146
130
142
153
144
138
138
144
154
138
135
138
120
152
179
175
188
188
169
156
156
152
158
157
158
156
159
159
158
155
151
156
159
158
161
156
152
155
156
150
151
148
157
150
156
152
154
157
157
151
147
155
155
153
146
151
155
154
149
145
142
147
141
141
147
141
145
146
145
145
142
140
146
150
144
144
140
141
141
139
148
145
145
142
141
149
171
170
172
174
173
218
197
219
213
214
220
216
179
185
176
149
172
143
173
179
177
172
100
111
106
105
106
106
104
103
184
174
174
175
177
175
176
176
175
174
172
172
174
182
175
174
183
185
180
176
177
173
175
171
167
162
163
168
158
157
162
165
160
161
160
160
168
167
162
156
165
162
162
164
163
161
168
172
172
162
168
167
160
154
160
161
160
158
162
162
164
160
154
163
159
165
158
166
159
159
164
72
67
71
68
71
69
71
71
69
68
71
71
69
67
67
68
69
70
74
76
74
75
75
75
76
74
74
73
74
75
76
74
74
75
67
68
67
72
68
68
71
68
70
72
68
68
71
72
70
69
72
68
71
73
68
68
67
65
68
67
67
66
67
69
65
67
67
69
69
63
65
68
68
69
57
58
56
57
55
57
58
60
55
58
58
51
55
58
61
58
52
52
51
50
52
52
52
52
50
52
52
51
50
50
50
50
57
59
59
59
58
58
54
58
58
59
62
63
59
58
59
54
55
53
57
62
69
64
64
64
48
48
49
48
48
45
48
49
49
49
50
46
50
50
50
49
51
51
51
49
49
50
51
53
50
50
50
52
55
52
52
55
52
49
53
51
52
52
54
53
51
51
51
53
52
51
52
53
52
51
54
54
55
53
53
51
54
52
55
51
51
52
53
54
52
53
56
56
57
56
56
56
58
56
55
55
57
55
57
56
56
55
57
56
57
59
60
58
58
56
58
55
60
59
58
62
58
57
58
59
57
58
58
65
61
60
61
67
66
62
59
60
57
63
58
66
65
60
61
65
67
67
67
68
67
67
68
66
68
67
66
67
66
70
69
67
68
66
67
68
67
68
66
67
68
69
59
66
66
56
66
62
68
133
132
132
127
127
134
127
136
136
128
133
132
132
128
133
134
136
134
133
130
133
133
129
129
132
133
130
129
130
131
129
133
131
133
131
124
123
119
113
115
113
111
112
125
113
126
112
118
112
113
127
114
115
116
114
113
111
117
116
119
117
116
116
114
115
118
117
115
117
115
114
113
112
115
115
115
120
118
120
119
124
128
128
120
92
96
103
108
94
102
107
110
114
110
102
102
102
110
104
109
100
89
92
88
91
88
88
88
86
86
81
86
80
87
87
89
80
81
103
106
102
98
92
104
101
95
92
106
101
100
92
92
92
102
100
102
97
92
101
115
107
114
108
116
116
108
118
114
107
113
113
113
113
108
119
113
131
135
118
161
152
156
153
152
153
160
159
159
159
155
159
156
158
162
155
156
145
154
156
154
141
122
120
140
121
155
144
136
140
142
119
130
141
154
155
138
140
139
141
119
116
114
117
118
116
116
118
117
115
117
113
115
120
119
115
113
113
117
118
108
120
114
118
115
118
115
115
115
117
111
118
113
114
115
115
134
131
129
129
131
136
134
139
134
130
136
137
138
141
137
138
141
136
139
131
135
135
141
119
127
125
121
126
124
116
128
123
128
124
116
125
119
127
127
121
129
115
125
122
128
128
121
120
120
121
123
122
120
122
122
121
119
121
122
120
123
120
122
121
120
126
128
129
129
128
131
131
136
130
128
131
129
129
127
127
127
134
131
129
121
121
128
124
129
125
122
119
123
120
118
119
120
119
124
124
123
119
126
124
118
129
122
117
156
158
159
158
156
154
156
159
156
138
168
239
130
127
127
125
126
127
125
127
136
142
135
143
139
130
142
138
139
140
137
139
139
150
150
142
136
141
150
145
149
158
151
151
151
152
154
149
153
160
155
153
149
145
150
145
156
155
153
152
155
155
154
164
74
74
74
77
75
77
75
77
73
69
69
70
71
72
72
74
69
70
53
55
53
53
53
54
53
53
53
50
52
49
51
49
52
51
48
51
51
54
64
77
67
71
75
77
77
75
77
77
72
81
116
99
121
105
120
108
115
112
115
113
108
116
119
113
112
114
114
112
112
119
119
64
68
69
65
71
63
66
64
68
64
69
62
85
80
81
80
81
86
86
86
86
85
82
79
82
80
76
74
85
82
85
87
87
84
84
84
83
86
88
89
88
82
88
87
87
84
86
86
87
84
77
77
81
75
78
77
78
75
76
76
80
84
76
76
75
76
82
77
78
78
75
82
81
81
83
83
82
81
82
82
82
82
80
81
82
81
82
82
80
81
81
74
81
79
71
80
73
78
80
73
79
71
73
77
79
49
58
57
60
50
57
50
60
56
51
76
77
75
77
76
78
74
76
73
74
69
65
72
66
68
71
62
65
65
70
71
69
60
72
64
72
69
73
68
66
68
69
67
69
68
66
72
69
68
70
65
68
68
68
67
68
67
67
64
65
67
64
66
68
69
68
69
72
67
69
71
70
66
69
73
68
69
69
71
74
74
73
72
76
78
73
69
73
78
72
71
74
77
76
82
82
82
80
80
78
79
83
85
80
79
77
78
80
81
77
78
80
80
82
83
82
83
82
82
83
83
82
81
84
82
83
81
